00000
00045
00089
00134
00178
00223
00267
00312
00356
00401
00446
00490
00535
00579
00624
00668
00713
00757
00802
00846
00891
00936
00980
01025
01069
01114
01158
01203
01247
01292
01337
01381
01426
01470
01515
01559
01604
01648
01693
01738
01782
01827
01871
01916
01960
02005
02049
02094
02138
02183
02228
02272
02317
02361
02406
02450
02495
02539
02584
02629
02673
02718
02762
02807
02851
02896
02940
02985
03030
03074
03119
03163
03208
03252
03297
03341
03386
03430
03475
03520
03564
03609
03653
03698
03742
03787
03831
03876
03921
03965
04010
04054
04099
04143
04188
04232
04277
04322
04366
04411
04455
04500
04544
04589
04633
04678
04722
04767
04812
04856
04901
04945
04990
05034
05079
05123
05168
05213
05257
05302
05346
05391
05435
05480
05524
05569
05614
05658
05703
05747
05792
05836
05881
05925
05970
06014
06059
06104
06148
06193
06237
06282
06326
06371
06415
06460
06505
06549
06594
06638
06683
06727
06772
06816
06861
06906
06950
06995
07039
07084
07128
07173
07217
07262
07307
07351
07396
07440
07485
07529
07574
07618
07663
07707
07752
07797
07841
07886
07930
07975
08019
08064
08108
08153
08198
08242
08287
08331
08376
08420
08465
08509
08554
08599
08643
08688
08732
08777
08821
08866
08910
08955
08999
09044
09089
09133
09178
09222
09267
09311
09356
09400
09445
09490
09534
09579
09623
09668
09712
09757
09801
09846
09891
09935
09980
10024
10069
10113
10158
10202
10247
10291
10336
10381
10425
10470
10514
10559
10603
10648
10692
10737
10782
10826
10871
10915
10960
11004
11049
11093
11138
11183
11227
11272
11316
11361
11405
11450
11494
11539
11583
11628
11673
11717
11762
11806
11851
11895
11940
11984
12029
12074
12118
12163
12207
12252
12296
12341
12385
12430
12475
12519
12564
12608
12653
12697
12742
12786
12831
12875
12920
12965
13009
13054
13098
13143
13187
13232
13276
13321
